00010 0154 003 0.74 0.72 0.72
00010 0154 005 0.84 0.83 0.83
00010 0154 007 0.90 0.90 0.90
00010 0154 009 0.97 0.97 0.97
00010 0154 011 0.99 0.99 0.99
00015 0154 003 0.77 0.75 0.75
00015 0154 005 0.85 0.85 0.85
00015 0154 007 0.92 0.92 0.92
00015 0154 009 0.98 0.98 0.98
00015 0154 011 1.00 1.00 1.00
00020 0154 003 0.79 0.77 0.77
00020 0154 005 0.87 0.86 0.86
00020 0154 007 0.94 0.93 0.93
00020 0154 009 0.99 0.99 0.99
00020 0154 011 1.00 1.00 1.00
00025 0154 003 0.80 0.78 0.78
00025 0154 005 0.88 0.88 0.88
00025 0154 007 0.95 0.95 0.95
00025 0154 009 0.99 0.99 0.99
00025 0154 011 1.00 1.00 1.00
00030 0154 003 0.81 0.80 0.80
00030 0154 005 0.89 0.89 0.89
00030 0154 007 0.96 0.96 0.96
00030 0154 009 1.00 1.00 1.00
00030 0154 011 1.00 1.00 1.00
00050 0154 003 0.85 0.84 0.84
00050 0154 005 0.92 0.92 0.92
00050 0154 007 0.98 0.98 0.98
00050 0154 009 1.00 1.00 1.00
00050 0154 011 1.00 1.00 1.00
00100 0154 003 0.89 0.88 0.88
00100 0154 005 0.96 0.96 0.96
00100 0154 007 1.00 1.00 1.00
00100 0154 009 1.00 1.00 1.00
00100 0154 011 1.00 1.00 1.00
00200 0154 003 0.92 0.91 0.92
00200 0154 005 0.98 0.98 0.98
00200 0154 007 1.00 1.00 1.00
